Camera matrix:
 [[2.47313196e+03 0.00000000e+00 2.78379536e+03]
 [0.00000000e+00 2.45870179e+03 2.41120292e+03]
 [0.00000000e+00 0.00000000e+00 1.00000000e+00]]
Distortion coefficients:
 [[-0.19400052 -0.33044918 -0.00154008 -0.00229669  0.7116514 ]]
Rotation Vectors:
 (array([[ 0.31870135],
       [-0.31138952],
       [ 1.55764708]]), array([[ 0.10910694],
       [-0.09665648],
       [ 1.56925637]]), array([[0.48945129],
       [0.02766598],
       [1.57922096]]), array([[0.31593528],
       [0.27227302],
       [1.56750788]]), array([[ 0.10416394],
       [-0.06786988],
       [ 1.54942542]]), array([[-0.38636012],
       [-0.57850482],
       [ 1.41687999]]), array([[0.19862175],
       [0.03087971],
       [1.60025476]]), array([[0.29365711],
       [0.08845372],
       [1.60002232]]))
Translation Vectors:
 (array([[ 1.93228073],
       [-3.04572875],
       [ 9.56886049]]), array([[ 2.08204642],
       [-3.60244084],
       [ 7.22936471]]), array([[ 0.94864456],
       [-1.86240031],
       [ 7.29391327]]), array([[ 1.62130597],
       [-4.65013442],
       [ 7.88686295]]), array([[ 1.9318518 ],
       [-3.7609287 ],
       [ 7.98488279]]), array([[ 1.41056894],
       [-3.13740954],
       [11.2878747 ]]), array([[ 1.56342446],
       [-2.50945886],
       [ 9.02761957]]), array([[ 0.71441846],
       [-3.64082723],
       [ 8.50877868]]))