Camera matrix:
 [[2.67634625e+03 0.00000000e+00 2.66403324e+03]
 [0.00000000e+00 2.65744520e+03 2.47869900e+03]
 [0.00000000e+00 0.00000000e+00 1.00000000e+00]]
Distortion coefficients:
 [[-0.34201545  0.22138436 -0.00669451  0.00353859 -0.09548412]]
Rotation Vectors:
 (array([[ 0.1862651 ],
       [-0.10440312],
       [ 1.56455488]]), array([[ 0.21062572],
       [-0.06970124],
       [ 1.56293768]]), array([[0.44993976],
       [0.05569639],
       [1.5728005 ]]), array([[0.03759438],
       [0.13099182],
       [1.54381638]]), array([[ 0.25126808],
       [-0.10065688],
       [ 1.57194738]]), array([[0.28049365],
       [0.24960064],
       [1.59218951]]), array([[-0.01696524],
       [-0.02733844],
       [ 1.58232222]]), array([[ 0.1736634 ],
       [-0.03960256],
       [ 1.56699928]]))
Translation Vectors:
 (array([[ 2.8349089 ],
       [-3.53097118],
       [ 6.34104335]]), array([[ 2.79053849],
       [-4.01406363],
       [ 8.01703189]]), array([[ 1.84507129],
       [-3.44925472],
       [ 6.30364188]]), array([[ 2.47401146],
       [-4.14151732],
       [ 9.06889852]]), array([[ 3.25015516],
       [-3.61913088],
       [ 8.96538464]]), array([[ 1.74987666],
       [-3.2651651 ],
       [ 7.60151934]]), array([[ 2.30404998],
       [-2.44362806],
       [ 7.9219036 ]]), array([[ 2.64152698],
       [-3.33543615],
       [ 8.19258697]]))