Camera matrix:
 [[2.42101458e+03 0.00000000e+00 2.76067970e+03]
 [0.00000000e+00 2.40633057e+03 2.42571407e+03]
 [0.00000000e+00 0.00000000e+00 1.00000000e+00]]
Distortion coefficients:
 [[-2.82065063e-01  1.28806525e-01 -1.99697984e-04 -3.81712766e-04
   3.25235712e-03]]
Rotation Vectors:
 (array([[ 0.35455636],
       [-0.02503382],
       [ 1.54578067]]), array([[ 0.09259105],
       [-0.16253501],
       [ 1.55689745]]), array([[ 0.17576967],
       [-0.11206796],
       [ 1.55730007]]), array([[ 0.08457749],
       [-0.36443533],
       [ 1.5391539 ]]), array([[ 0.08061698],
       [-0.0636094 ],
       [ 1.5532617 ]]), array([[-0.01235429],
       [-0.45275522],
       [ 1.48481556]]), array([[0.45991725],
       [0.02664121],
       [1.55618803]]), array([[ 0.31338963],
       [-0.00743764],
       [ 1.53691956]]), array([[ 0.08454584],
       [-0.28346669],
       [ 1.54792556]]), array([[ 0.20325395],
       [-0.14824586],
       [ 1.55947329]]), array([[-0.06636791],
       [-0.2523388 ],
       [ 1.53779495]]))
Translation Vectors:
 (array([[ 1.49124047],
       [-3.06629197],
       [ 6.08437122]]), array([[ 1.99491444],
       [-3.45094991],
       [ 6.02324506]]), array([[ 2.39310339],
       [-3.10897708],
       [ 5.93455225]]), array([[ 2.82535998],
       [-3.26630456],
       [ 7.10498331]]), array([[ 2.10679001],
       [-3.37124377],
       [ 6.95484262]]), array([[ 2.96577147],
       [-3.47519126],
       [ 7.75307587]]), array([[ 1.30391847],
       [-2.81121801],
       [ 6.41933441]]), array([[ 1.57780529],
       [-3.4022253 ],
       [ 5.89359003]]), array([[ 3.19101352],
       [-3.55462838],
       [ 6.83382866]]), array([[ 2.44092573],
       [-2.78995347],
       [ 6.38347683]]), array([[ 3.17440011],
       [-3.02324799],
       [ 6.97852628]]))