Camera matrix:
 [[2.35871212e+03 0.00000000e+00 2.74968895e+03]
 [0.00000000e+00 2.34393595e+03 2.37202717e+03]
 [0.00000000e+00 0.00000000e+00 1.00000000e+00]]
Distortion coefficients:
 [[-0.2618091   0.09449593  0.00111957 -0.00094114  0.03430124]]
Rotation Vectors:
 (array([[ 0.01781832],
       [-0.34689482],
       [ 1.51783835]]), array([[0.27869187],
       [0.05246244],
       [1.55645971]]), array([[ 0.11330947],
       [-0.04071163],
       [ 1.56576211]]), array([[ 0.17881145],
       [-0.11761101],
       [ 1.55803502]]), array([[0.14802553],
       [0.03894116],
       [1.55939287]]), array([[-0.04779809],
       [-0.30555352],
       [ 1.55115961]]), array([[-0.05729829],
       [-0.21557947],
       [ 1.55948057]]), array([[0.16459407],
       [0.00908135],
       [1.57671822]]), array([[ 0.15245687],
       [-0.15475073],
       [ 1.56104804]]), array([[ 0.07212273],
       [-0.07435036],
       [ 1.56866638]]))
Translation Vectors:
 (array([[ 3.70058756],
       [-2.84446948],
       [ 7.46758323]]), array([[ 1.48654844],
       [-3.27724003],
       [ 6.55739547]]), array([[ 2.0532066 ],
       [-3.03410423],
       [ 6.32867644]]), array([[ 2.35632912],
       [-2.91397617],
       [ 6.70463413]]), array([[ 1.91431173],
       [-3.28052508],
       [ 7.40581391]]), array([[ 3.71799403],
       [-3.25987373],
       [ 7.12985603]]), array([[ 3.31235024],
       [-3.08597098],
       [ 6.98976251]]), array([[ 0.8798814 ],
       [-2.80280878],
       [ 7.30405892]]), array([[ 2.12780077],
       [-2.79985486],
       [ 6.0236984 ]]), array([[ 2.12527837],
       [-2.87711853],
       [ 6.38985083]]))