Camera matrix:
 [[2.68281950e+03 0.00000000e+00 2.72905059e+03]
 [0.00000000e+00 2.64851864e+03 2.51943516e+03]
 [0.00000000e+00 0.00000000e+00 1.00000000e+00]]
Distortion coefficients:
 [[-0.30479442 -0.08690317 -0.01101197 -0.00089785  0.55858138]]
Rotation Vectors:
 (array([[0.35823353],
       [0.14829914],
       [1.57487699]]), array([[ 0.15417084],
       [-0.14428752],
       [ 1.57044934]]), array([[0.37422115],
       [0.01263825],
       [1.55452787]]), array([[ 0.14933771],
       [-0.19847403],
       [ 1.54259293]]), array([[0.3157249 ],
       [0.07931402],
       [1.57181487]]), array([[ 0.10822013],
       [-0.13717898],
       [ 1.55556022]]), array([[ 0.03674095],
       [-0.2945904 ],
       [ 1.54536959]]))
Translation Vectors:
 (array([[ 2.15808488],
       [-3.05474162],
       [ 8.35670377]]), array([[ 2.20959604],
       [-3.24137462],
       [ 7.7521761 ]]), array([[ 1.96792147],
       [-3.16323909],
       [ 7.90537196]]), array([[ 1.93820653],
       [-2.80205789],
       [ 7.73792598]]), array([[ 1.96291226],
       [-3.50659103],
       [ 7.30906451]]), array([[ 2.10301519],
       [-3.58317249],
       [ 8.87488629]]), array([[ 2.70554672],
       [-3.28555662],
       [ 7.89641841]]))